0.5291399771848926	0.49940571798181954	0
0.5383802682434063	0.48551841998661815	0
0.5346550277712961	0.5710751890681972	0
0.5822876037759599	0.5425648636178962	0
0.450446635750942	0.5189227454285886	0
0.5766783154589881	0.4746391851547278	0
0.44343023098282097	0.472731282768197	0
0.4560431102123693	0.4678060840406266	0
0.5618129722556818	0.5589282253737948	0
0.5465173580852147	0.5579912560803512	0
0.534179200616085	0.4519087727994985	0
0.5630378284767907	0.549938684477846	0
0.5527305425037965	0.44035199498821054	0
0.5699668396469992	0.5065150383551752	0
0.5632688353854886	0.45481010928376775	0
0.489148667239102	0.4544645585972975	0
0.4625697300023578	0.5578133490246628	0
0.5502384498830808	0.47852257953598687	0
0.4636390355881447	0.49602968507441403	0
0.44133192480908134	0.5356368784530383	0
0.4311892321163543	0.5215595866820278	0
0.4786659182750015	0.5170929226855032	0
0.41312814363626127	0.49958102835636364	0
0.4228729996595879	0.5467483410618916	0
0.5086146144341763	0.426072027817734	0
0.4251491861755462	0.5097536585388264	0
0.44405794360496254	0.4752261784952232	0
0.5808972743722193	0.521804680771044	0
0.5638797280912352	0.5339729948661128	0
0.45369496793249986	0.47433833406183035	0
0.5500713377507336	0.535751229954625	0
0.5458933564974936	0.48603419119366253	0
0.5255676800092253	0.4329718943968912	0
0.4224819950547555	0.4666669471234446	0
0.46314019097245185	0.4794588719657955	0
0.4363343648375292	0.4781951472281698	0
0.5641065984137162	0.4713752024945994	0
0.4285427206232538	0.5143697229932109	0
0.5180881781750168	0.465750044695713	0
0.4839174411877011	0.4368284512301812	0
0.5996165742541318	0.49827335233545655	0
0.538787006367213	0.5390341330133063	0
0.5126948942786158	0.502852966793212	0
0.4489094272595936	0.46167446182270644	0
0.4609572914029073	0.5197151762968604	0
0.48613786440848483	0.4513025483569907	0
0.43556455750545997	0.5016309530810692	0
0.42768834406519685	0.5000820528869278	0
0.48328912712291383	0.5658120656535557	0
0.583165407631426	0.4915577435593591	0
0.5262171537204701	0.4260650316316418	0
0.5000561844876951	0.511070208941876	0
0.46361551265598033	0.5289284104646215	0
0.4472235902019607	0.48620298579184507	0
0.4336171298077892	0.5109350504080178	0
0.45720744301991834	0.484569815029277	0
0.5675521690831168	0.42959181711879846	0
0.5530290171083485	0.4691906161684972	0
0.5739087819969924	0.4471167943247517	0
0.4946355906714466	0.5282632822326387	0
0.582329309385068	0.522883526275212	0
0.5578754801585034	0.5420964200554419	0
0.4804921728827827	0.5038151706992134	0
0.4429759722009631	0.5410559021151234	0
0.42477984043234873	0.5091725823716008	0
0.491653787108988	0.4979305859615698	0
0.4309302240621883	0.4645565130820637	0
0.57391823237726	0.482252117052714	0
0.4384977161775032	0.511458782600987	0
0.46944206046816794	0.5227073717570978	0
0.45474967076704564	0.5541390489747171	0
0.43548739196488706	0.5008217560427793	0
0.5480854511038455	0.47944503499061497	0
0.5656155370451851	0.5415299655878755	0
0.5380307002190646	0.5244385184929037	0
0.46649284835044325	0.5487509051677582	0
0.44186119204908925	0.49745360717193177	0
0.525128997459082	0.5542453357747268	0
0.4355819527155388	0.44857536284849286	0
0.5122632791037178	0.4514114042237014	0
0.5082326192478342	0.5634887409218253	0
0.4788619200006796	0.5269664984609024	0
0.49022308385663194	0.5188037709380569	0
0.4905164522409071	0.48487067478632406	0
0.4618739421226682	0.5470980193160976	0
0.5619449198424051	0.4778263209440464	0
0.45457820311202324	0.4580519314254605	0
0.5606896416511546	0.43450967006774666	0
0.5143667415445117	0.5197560035029128	0
0.5675805561944222	0.4471107610225965	0
0.5090458440390867	0.4959924556857197	0
0.50403220578181	0.4358176428801539	0
0.5154404094007989	0.43843168090103235	0
0.4533261755426746	0.5145280527715986	0
0.5214534909383207	0.4913144734860906	0
0.4633513772579757	0.5303754323965015	0
0.4673898276670325	0.542247252423393	0
0.5724823971663009	0.49134737668409445	0
0.4247863333173265	0.4828517823157996	0
0.5116404064914014	0.4376407839075014	0
0.6734059223460228	0.16089724791246762	1
0.5485130548635317	0.8652871750209634	1
0.7057501983934024	0.8113135528638229	1
0.6313703228203393	0.7055409577066881	1
0.10792575175182473	0.6867487141338348	1
0.5226530625080104	0.38830891905779963	1
0.2640264307215361	0.3049312584122562	1
0.515646101510968	0.0035974332204522508	1
0.6148796042206295	0.37057191566071657	1
0.8731873304585842	0.35876208282034194	1
0.5076930731328516	0.6813153964718927	1
0.3868415108325697	0.010444483381954361	1
0.4431511309037167	0.9365009574227153	1
0.6940507419709284	0.7045884286911098	1
0.30919310863990823	0.35863929044342	1
0.34135429860612587	0.5327381391087919	1
0.26299005812548426	0.435422333951453	1
0.5901956570025844	0.0827482200349593	1
0.36247330640355624	0.27916261981166535	1
0.47675955992911534	0.11749488218110593	1
0.7370439000765883	0.9272204137995373	1
0.6654903771935023	0.7364218257901398	1
0.43694287805063714	0.03177986425337753	1
0.8324144448588078	0.5787426050280594	1
0.8819521686891042	0.2490620657490088	1
0.3023936952198225	0.46887669086359074	1
0.5263213588359681	0.4974690847314214	1
0.4733893633640448	0.2125884921511627	1
0.6050136455882289	0.7159678188910069	1
0.3373381267824427	0.36300158936197513	1
0.20322617580588997	0.6248405862671087	1
0.6084183838775549	0.38974614804060104	1
0.29108076489214196	0.4724115917926702	1
0.39710603399366373	0.42588356643265024	1
0.27516266052814764	0.9085783444211716	1
0.5618168667033993	0.1843110977656356	1
0.7786107922216735	0.7692106039615394	1
0.4177933658775357	0.19145213612247636	1
0.42970755755283363	0.6210111951581315	1
0.2110983329133963	0.3122750007950529	1
0.631815745991115	0.8653561530355443	1
0.5601265035200997	0.260733137608818	1
0.31197573293727154	0.9036569999676178	1
0.7942993983887671	0.6905590198625912	1
0.6810098219820246	0.29364104492704146	1
0.5136681731646705	0.541479757337229	1
0.4433060753364796	0.8810937969084252	1
0.8610644496760803	0.6020486879223507	1
0.32631687071088133	0.4091409769381795	1
0.6773761944139242	0.7135927654491966	1
0.713394744100432	0.2153885864981392	1
0.420997468529029	0.7665718481983423	1
0.6248955238577898	0.6242786120682529	1
0.5700070017164737	0.9612311494542399	1
0.27456547709022483	0.533607725618214	1
0.5845713308937701	0.42322746512529175	1
0.7139537034271166	0.5245746913412086	1
0.6924845482659078	0.30935220946252373	1
0.8826720811300448	0.4021123652056706	1
0.7199496760573542	0.65610861081616	1
0.27915571214474677	0.40006579319160007	1
0.7470915829642703	0.6289999567717085	1
0.3665658306547118	0.2995996619371074	1
0.5102238645160747	0.05872878891680422	1
0.8482826371246749	0.5590667857121043	1
0.32188110301662987	0.7262346274729777	1
0.21952602871801563	0.6016717111697517	1
0.7693901483730354	0.4356466564279874	1
0.9133297135035328	0.5078777137860822	1
0.4632816431276313	0.45727094004107827	1
0.4493293152180713	0.8097642928045781	1
0.32030111021149055	0.21850516548130328	1
0.2737409354486009	0.7701775613213794	1
0.2301751663513143	0.7868224086425044	1
0.2059616136887259	0.2421674897610523	1
0.5606293182370812	0.6085475337959074	1
0.32276568155477725	0.29718128310263225	1
0.4080827437764566	0.4769592397630219	1
0.3587825081676703	0.9029206990102766	1
0.3226973500926229	0.5122811103510636	1
0.8499265855270154	0.2578879619491622	1
0.08896962196909186	0.4508012419020889	1
0.4380828603841448	0.19695122023587797	1
0.46748797167080625	0.2847302337623754	1
0.5534944465708579	0.7742065605163445	1
0.32890266602964735	0.29886101955230615	1
0.7070107190918395	0.5288552416011105	1
0.700858273361908	0.19266091351296777	1
0.5891876626562553	0.10056553879925167	1
0.32392650189451144	0.3057922822234115	1
0.33106776103375923	0.674701476961262	1
0.4673206130080704	0.3594739265986686	1
0.39024766383467946	0.22020674958689024	1
0.2989371622864616	0.7261583878265792	1
0.268892857539758	0.3759075138703335	1
0.37328553053579583	0.3763492145292022	1
0.2984984827665096	0.6631320168686895	1
0.808666724033471	0.41575880325041914	1
0.775269742368608	0.623047901002356	1
0.5026573566735195	0.7905480110798627	1
0.654177491776867	0.7291875009506551	2
0.45346051050511305	0.3290804820776623	2
0.08598942860359149	0.9949849501194855	2
0.9774494937399568	0.04984303046502492	2
0.5860067081075567	0.04748702648521275	2
0.471363984138059	0.10478144621057894	2
0.07174813267582003	0.45585935120248733	2
0.3323354324405797	0.14092785747419279	2
0.6806106832282441	0.22246337709469377	2
0.685684299439217	0.21822883361108003	2
0.4785467645201599	0.012698690847574357	2
0.7635710904607271	0.14616650006783682	2
0.6527123011192231	0.004772040472313055	2
0.14382208362952942	0.30802155329423353	2
0.581225304482499	0.0770624356586902	2
0.566753573906272	0.547850148671082	2
0.4574618315685697	0.20953659704111927	2
0.6155335307953983	0.9637632580667383	2
0.22409908370180276	0.8119265725916933	2
0.8157379873712644	0.22362998487720687	2
0.43968224570554215	0.12811988005613606	2
0.6624371012433764	0.4384191662960165	2
0.22854791524058116	0.13800679627445545	2
0.5308798026545294	0.5586685542728435	2
0.7166853653170492	0.14073240709234403	2
0.12608468237517922	0.24042288187281546	2
0.5132619796217422	0.5052305227608395	2
0.20246272811511135	0.8229837579856015	2
0.7557108958679002	0.007134602857006067	2
0.9674182089037612	0.0377706649957662	2
0.5609133408547848	0.3680311827563958	2
0.3452813263360137	0.7066652702379715	2
0.6604039776066505	0.8738361526260937	2
0.29775043515578836	0.5409024633866231	2
0.6500742302221195	0.5913694903025355	2
0.43781422875801	0.05482538839437778	2
0.6169006327384177	0.34963417472711267	2
0.12708160037414973	0.062271498536064396	2
0.3562668836953091	0.6119065232657195	2
0.06813108162554138	0.37744985603685977	2
0.3959550141822703	0.8726385744822631	2
0.16222171214241043	0.19630502663881377	2
0.8335371792609415	0.3961429489168562	2
0.5314134240763521	0.6078502258828231	2
0.6117184014956714	0.033309102218430864	2
0.5038756313679598	0.21228893582401043	2
0.6832244185277014	0.29868417530991387	2
0.4916209657115974	0.6141288290734024	2
0.41825210530169743	0.8731526167098492	2
0.880654012584017	0.28723665147862665	2
0.5706970516904104	0.5023433233075943	2
0.35353658163007684	0.8276797401040114	2
0.21338976445328306	0.37905551071779786	2
0.559197009590212	0.6832462408996879	2
0.42553538004632196	0.45251628089982343	2
0.2182865929018616	0.013298976876771618	2
0.2523319275562169	0.6292118685695369	2
0.1463886361052127	0.44379001965736964	2
0.8037972829741106	0.07673406475681666	2
0.10898499725740185	0.9569128986787486	2
0.06005721910269235	0.5561879884309293	2
0.15132981756258124	0.26262678241476034	2
0.695609774450351	0.06504120890512011	2
0.38088261713248317	0.6600944128942399	2
0.050595966782529644	0.07566252305162546	2
0.14709249922608103	0.8888891373149556	2
0.08752000569269447	0.839762138730288	2
0.351791148955658	0.42398591220206405	2
0.46306364432471603	0.359006466383367	2
0.03471610176850404	0.776325118535094	2
0.12444459364879745	0.053065744254703784	2
0.43185663003931907	0.46332644784778276	2
0.6904599512214316	0.3852101886677418	2
0.20240892714896053	0.5405884063005999	2
0.3582061596221441	0.42404483180038244	2
0.3930414157913523	0.6656073042161004	2
0.3476610755832563	0.25805953870273557	2
0.8671012526002874	0.734987389110382	2
0.7162317473587266	0.6763457544829142	2
0.7908597442250191	0.6996732224066653	2
0.34515525329464447	0.014001726209008303	2
0.05292699311570026	0.25467328330270844	2
0.06372812692702878	0.3022682594498287	2
0.05896199274420488	0.3963635875099434	2
0.18370646016949488	0.07888398425625864	2
0.09453672521587597	0.21904894391867002	2
0.7986935978852903	0.9243847629742095	2
0.24761631055733213	0.10332706448035034	2
0.7715523976890089	0.011475058647410497	2
0.44907260189759646	0.8107496712016341	2
0.5537795113807351	0.2351317279644939	2
0.9078737161821965	0.10405152534736062	2
0.41022470069696393	0.299920572382127	2
0.3459611985419617	0.013060138735480842	2
0.96342260857491	0.8399060331292661	2
0.7995293286998278	0.11253251001484565	2
0.43894016637500044	0.4509624560934188	2
0.9897956135346072	0.8510931029477954	2
0.9992507782550316	0.7378842221069015	2
0.9992811065012487	0.056439999813184816	2
