30    12    24     8    12    14    12    12    22    24    14    10    14    24    20    12
30    21    15    11    21    26    12    21    10    15    17    16     8    15    23    12
15     9     9     5     9    11     6     9     7     9     8     7     5     9    11     6
35    16    26    10    16    19    14    16    23    26    17    13    15    26    24    14
15     9     9     5     9    11     6     9     7     9     8     7     5     9    11     6
25    11    19     7    11    13    10    11    17    19    12     9    11    19    17    10
45    24    30    14    24    29    18    24    25    30    23    19    17    30    32    18
30    15    21     9    15    18    12    15    18    21    15    12    12    21    21    12
25    11    19     7    11    13    10    11    17    19    12     9    11    19    17    10
20    13    11     7    13    16     8    13     8    11    11    10     6    11    15     8
45    24    30    14    24    29    18    24    25    30    23    19    17    30    32    18
30    15    21     9    15    18    12    15    18    21    15    12    12    21    21    12
25    17    13     9    17    21    10    17     9    13    14    13     7    13    19    10
40    20    28    12    20    24    16    20    24    28    20    16    16    28    28    16
30    18    18    10    18    22    12    18    14    18    16    14    10    18    22    12
25    11    19     7    11    13    10    11    17    19    12     9    11    19    17    10